0.0370370370370370370
0.0370370370370370370
0.0370370370370370370
0.0370370370370370370
0.0370370370370370370
0.0370370370370370370
0.0370370370370370370
0.0370370370370370370
0.0370370370370370370
0.0370370370370370370
0.0370370370370370370
0.0370370370370370370
0.0370370370370370370
0.0370370370370370370
0.0370370370370370370
0.0370370370370370370
0.0370370370370370370
0.0370370370370370370
0.0370370370370370370
0.0370370370370370370
0.0370370370370370370
0.0370370370370370370
0.0370370370370370370
0.0370370370370370370
0.0370370370370370370
0.0370370370370370370
0.0370370370370370370