0.0000011036
0.0000221653
0.0000602517
0.0000221653
0.0000011036
0.0000221653
0.0004452006
0.0012101822
0.0004452006
0.0000221653
0.0000602517
0.0012101823
0.0032896209
0.0012101823
0.0000602517
0.0000221653
0.0004452006
0.0012101822
0.0004452006
0.0000221653
0.0000011036
0.0000221653
0.0000602517
0.0000221653
0.0000011036
0.0000221653
0.0004452006
0.0012101822
0.0004452006
0.0000221653
0.0004452007
0.0089420537
0.0243070535
0.0089420537
0.0004452007
0.0012101823
0.0243070535
0.0660734996
0.0243070535
0.0012101823
0.0004452007
0.0089420537
0.0243070535
0.0089420537
0.0004452007
0.0000221653
0.0004452006
0.0012101822
0.0004452006
0.0000221653
0.0000602517
0.0012101823
0.0032896209
0.0012101823
0.0000602517
0.0012101823
0.0243070535
0.0660734996
0.0243070535
0.0012101823
0.0032896206
0.0660734996
0.1796066165
0.0660734996
0.0032896206
0.0012101823
0.0243070535
0.0660734996
0.0243070535
0.0012101823
0.0000602517
0.0012101823
0.0032896209
0.0012101823
0.0000602517
0.0000221653
0.0004452006
0.0012101822
0.0004452006
0.0000221653
0.0004452007
0.0089420537
0.0243070535
0.0089420537
0.0004452007
0.0012101823
0.0243070535
0.0660734996
0.0243070535
0.0012101823
0.0004452007
0.0089420537
0.0243070535
0.0089420537
0.0004452007
0.0000221653
0.0004452006
0.0012101822
0.0004452006
0.0000221653
0.0000011036
0.0000221653
0.0000602517
0.0000221653
0.0000011036
0.0000221653
0.0004452006
0.0012101822
0.0004452006
0.0000221653
0.0000602517
0.0012101823
0.0032896209
0.0012101823
0.0000602517
0.0000221653
0.0004452006
0.0012101822
0.0004452006
0.0000221653
0.0000011036
0.0000221653
0.0000602517
0.0000221653
0.0000011036